8.500000e-01 4.308011e+00 6.077827e+00 6.696520e+00 5.589303e+00
1.050000e+00 2.438033e+01 3.334053e+01 2.520817e+01 3.486402e+01
1.150000e+00 3.102714e+01 4.386625e+01 4.786737e+01 4.986881e+01
1.250000e+00 3.414399e+01 4.987748e+01 5.382097e+01 6.279315e+01
1.350000e+00 3.498204e+01 4.842677e+01 4.527048e+01 7.548537e+01
1.450000e+00 3.383804e+01 3.908403e+01 3.684978e+01 8.738014e+01
1.550000e+00 3.186562e+01 3.626461e+01 2.907706e+01 9.931520e+01
1.650000e+00 2.954390e+01 3.480395e+01 3.334731e+01 1.104527e+02
1.750000e+00 2.759246e+01 3.383438e+01 3.191957e+01 1.209007e+02
1.850000e+00 2.628853e+01 3.328015e+01 2.984385e+01 1.297339e+02
1.950000e+00 2.572493e+01 3.332044e+01 3.994190e+01 1.378940e+02
2.050000e+00 2.568445e+01 3.378678e+01 4.291719e+01 1.455102e+02
2.150000e+00 2.671217e+01 3.604956e+01 3.695661e+01 1.530665e+02
2.250000e+00 2.749642e+01 3.797583e+01 4.873800e+01 1.598112e+02
2.350000e+00 2.890765e+01 3.718472e+01 2.905110e+01 1.654572e+02
2.450000e+00 2.997800e+01 3.619683e+01 4.290421e+01 1.707794e+02
2.550000e+00 3.165310e+01 3.693077e+01 3.137543e+01 1.746735e+02
2.650000e+00 3.208463e+01 3.736044e+01 3.797700e+01 1.766081e+02
2.750000e+00 3.407821e+01 3.915806e+01 4.898061e+01 1.771257e+02
2.850000e+00 3.400365e+01 3.889459e+01 3.887658e+01 1.766483e+02
2.950000e+00 3.591056e+01 4.061754e+01 3.887358e+01 1.759346e+02
3.050000e+00 3.779250e+01 4.221238e+01 3.615088e+01 1.756239e+02
3.150000e+00 3.791907e+01 4.244084e+01 3.886659e+01 1.750846e+02
3.250000e+00 4.063973e+01 4.527624e+01 4.572676e+01 1.727629e+02
3.350000e+00 4.251310e+01 4.704398e+01 4.119092e+01 1.692537e+02
3.450000e+00 4.171481e+01 4.628805e+01 5.154756e+01 1.648331e+02
3.550000e+00 4.298311e+01 4.770155e+01 5.193295e+01 1.592768e+02
3.650000e+00 4.524808e+01 4.985162e+01 4.195871e+01 1.524481e+02
3.750000e+00 4.435068e+01 4.878783e+01 6.163862e+01 1.445726e+02
3.850000e+00 4.258182e+01 4.714022e+01 4.311788e+01 1.375088e+02
3.950000e+00 4.378925e+01 4.844894e+01 3.767548e+01 1.323019e+02
4.050000e+00 4.662323e+01 5.128942e+01 4.673716e+01 1.288911e+02
4.150000e+00 4.734685e+01 5.188090e+01 4.401446e+01 1.257145e+02
4.250000e+00 4.599760e+01 5.049710e+01 5.281655e+01 1.220088e+02
4.350000e+00 4.555265e+01 5.022286e+01 5.786358e+01 1.180347e+02
4.450000e+00 4.700384e+01 5.168139e+01 4.840752e+01 1.138442e+02
4.550000e+00 4.834586e+01 5.294007e+01 4.400148e+01 1.091743e+02
4.650000e+00 4.761991e+01 5.204018e+01 6.497634e+01 1.041117e+02
4.750000e+00 4.525778e+01 4.958918e+01 4.878692e+01 9.915627e+01
4.850000e+00 4.308433e+01 4.748709e+01 4.761777e+01 9.446468e+01
4.950000e+00 4.215251e+01 4.660808e+01 4.010364e+01 8.964728e+01
5.050000e+00 4.201024e+01 4.648044e+01 4.269055e+01 8.443247e+01
5.150000e+00 4.155136e+01 4.596191e+01 4.980931e+01 7.913927e+01
5.250000e+00 4.001244e+01 4.428748e+01 5.382097e+01 7.412494e+01
5.350000e+00 3.728999e+01 4.138436e+01 3.387448e+01 6.910238e+01
5.450000e+00 3.389588e+01 3.789134e+01 2.998662e+01 6.353553e+01
5.550000e+00 3.058578e+01 3.458940e+01 3.322051e+01 5.736878e+01
5.650000e+00 2.808162e+01 3.219204e+01 2.998063e+01 5.147472e+01
5.750000e+00 2.671766e+01 3.083613e+01 3.282614e+01 4.694917e+01
5.850000e+00 2.608016e+01 3.025686e+01 3.696660e+01 4.384846e+01
5.950000e+00 2.529071e+01 2.934132e+01 3.307874e+01 4.124847e+01
6.050000e+00 2.359380e+01 2.752577e+01 2.621259e+01 3.808200e+01
6.150000e+00 2.100608e+01 2.469853e+01 2.310050e+01 3.411038e+01
6.250000e+00 1.814871e+01 2.178797e+01 1.804649e+01 2.986557e+01
6.350000e+00 1.561202e+01 1.921800e+01 1.882027e+01 2.595309e+01
6.450000e+00 1.363663e+01 1.734989e+01 2.101879e+01 2.261305e+01
6.550000e+00 1.215416e+01 1.584750e+01 1.091476e+01 1.977834e+01
6.700000e+00 1.031524e+01 1.389516e+01 1.181633e+01 1.603814e+01
6.900000e+00 7.916606e+00 1.130420e+01 1.064518e+01 1.167795e+01
7.100000e+00 6.148683e+00 9.394531e+00 9.472834e+00 8.944448e+00
7.300000e+00 4.315823e+00 7.459972e+00 7.264822e+00 6.404999e+00
7.550000e+00 1.638961e+00 4.649337e+00 4.278141e+00 2.476066e+00
7.900000e+00 1.350505e+00 4.066915e+00 4.007868e+00 1.947902e+00
8.350000e+00 8.060416e-01 3.106973e+00 2.828032e+00 1.083981e+00
9.000000e+00 1.977701e-01 1.864551e+00 2.159388e+00 2.739670e-01
1.070000e+01 5.592009e-02 3.443970e-01 4.205556e-01 7.497300e-02
