8.500000e-01 4.725391e+00 6.412896e+00 6.696520e+00 6.130820e+00
1.050000e+00 2.560094e+01 3.459320e+01 2.520817e+01 3.660951e+01
1.150000e+00 3.046839e+01 4.405127e+01 4.786737e+01 4.897075e+01
1.250000e+00 3.213992e+01 4.929273e+01 5.382097e+01 5.910752e+01
1.350000e+00 3.253938e+01 4.727538e+01 4.527048e+01 7.021451e+01
1.450000e+00 3.224527e+01 3.784035e+01 3.684978e+01 8.326711e+01
1.550000e+00 3.067531e+01 3.522371e+01 2.907706e+01 9.560537e+01
1.650000e+00 2.871970e+01 3.415405e+01 3.334731e+01 1.073713e+02
1.750000e+00 2.676758e+01 3.323258e+01 3.191957e+01 1.172864e+02
1.850000e+00 2.560107e+01 3.284754e+01 2.984385e+01 1.263413e+02
1.950000e+00 2.517465e+01 3.304455e+01 3.994190e+01 1.349443e+02
2.050000e+00 2.501212e+01 3.339514e+01 4.291719e+01 1.417012e+02
2.150000e+00 2.605532e+01 3.566087e+01 3.695661e+01 1.493026e+02
2.250000e+00 2.726872e+01 3.798824e+01 4.873800e+01 1.584878e+02
2.350000e+00 2.890510e+01 3.734332e+01 2.905110e+01 1.654426e+02
2.450000e+00 2.986562e+01 3.608565e+01 4.290421e+01 1.701393e+02
2.550000e+00 3.160113e+01 3.677803e+01 3.137543e+01 1.743867e+02
2.650000e+00 3.221179e+01 3.738869e+01 3.797700e+01 1.773081e+02
2.750000e+00 3.403166e+01 3.899133e+01 4.898061e+01 1.768837e+02
2.850000e+00 3.391599e+01 3.867546e+01 3.887658e+01 1.761929e+02
2.950000e+00 3.609694e+01 4.069088e+01 3.887358e+01 1.768477e+02
3.050000e+00 3.838930e+01 4.265171e+01 3.615088e+01 1.783973e+02
3.150000e+00 3.862984e+01 4.300027e+01 3.886659e+01 1.783665e+02
3.250000e+00 4.116063e+01 4.566546e+01 4.572676e+01 1.749773e+02
3.350000e+00 4.278982e+01 4.714434e+01 4.119092e+01 1.703554e+02
3.450000e+00 4.195269e+01 4.635163e+01 5.154756e+01 1.657730e+02
3.550000e+00 4.335757e+01 4.793405e+01 5.193295e+01 1.606644e+02
3.650000e+00 4.563283e+01 5.005821e+01 4.195871e+01 1.537444e+02
3.750000e+00 4.452834e+01 4.874801e+01 6.163862e+01 1.451517e+02
3.850000e+00 4.263256e+01 4.701066e+01 4.311788e+01 1.376726e+02
3.950000e+00 4.411299e+01 4.864169e+01 3.767548e+01 1.332800e+02
4.050000e+00 4.712673e+01 5.164903e+01 4.673716e+01 1.302830e+02
4.150000e+00 4.792071e+01 5.226910e+01 4.401446e+01 1.272382e+02
4.250000e+00 4.668425e+01 5.099121e+01 5.281655e+01 1.238301e+02
4.350000e+00 4.625653e+01 5.076192e+01 5.786358e+01 1.198586e+02
4.450000e+00 4.748603e+01 5.201374e+01 4.840752e+01 1.150120e+02
4.550000e+00 4.849845e+01 5.292455e+01 4.400148e+01 1.095189e+02
4.650000e+00 4.767249e+01 5.190059e+01 6.497634e+01 1.042267e+02
4.750000e+00 4.548671e+01 4.962324e+01 4.878692e+01 9.965785e+01
4.850000e+00 4.352110e+01 4.774752e+01 4.761777e+01 9.542231e+01
4.950000e+00 4.275237e+01 4.705538e+01 4.010364e+01 9.092303e+01
5.050000e+00 4.275895e+01 4.707788e+01 4.269055e+01 8.593722e+01
5.150000e+00 4.231770e+01 4.656222e+01 4.980931e+01 8.059885e+01
5.250000e+00 4.075756e+01 4.485023e+01 5.382097e+01 7.550531e+01
5.350000e+00 3.809594e+01 4.199108e+01 3.387448e+01 7.059590e+01
5.450000e+00 3.469489e+01 3.849870e+01 2.998662e+01 6.503322e+01
5.550000e+00 3.126064e+01 3.510269e+01 3.322051e+01 5.863460e+01
5.650000e+00 2.860186e+01 3.259908e+01 2.998063e+01 5.242835e+01
5.750000e+00 2.702953e+01 3.107771e+01 3.282614e+01 4.749721e+01
5.850000e+00 2.610520e+01 3.023070e+01 3.696660e+01 4.389056e+01
5.950000e+00 2.514483e+01 2.914012e+01 3.307874e+01 4.101055e+01
6.050000e+00 2.372298e+01 2.757560e+01 2.621259e+01 3.829051e+01
6.150000e+00 2.162967e+01 2.520902e+01 2.310050e+01 3.512298e+01
6.250000e+00 1.884571e+01 2.237147e+01 1.804649e+01 3.101256e+01
6.350000e+00 1.582643e+01 1.936852e+01 1.882027e+01 2.630953e+01
6.450000e+00 1.335029e+01 1.705184e+01 2.101879e+01 2.213821e+01
6.550000e+00 1.181033e+01 1.551131e+01 1.091476e+01 1.921882e+01
6.700000e+00 1.049893e+01 1.406942e+01 1.181633e+01 1.632373e+01
6.900000e+00 8.494941e+00 1.189211e+01 1.064518e+01 1.253106e+01
7.100000e+00 6.155121e+00 9.467857e+00 9.472834e+00 8.953815e+00
7.300000e+00 4.110185e+00 7.331594e+00 7.264822e+00 6.099816e+00
7.550000e+00 2.366765e+00 5.425460e+00 4.278141e+00 3.575598e+00
7.900000e+00 1.085402e+00 3.900357e+00 4.007868e+00 1.565530e+00
8.350000e+00 4.240262e-01 2.831789e+00 2.828032e+00 5.702389e-01
9.000000e+00 1.448105e-01 1.903250e+00 2.159388e+00 2.006031e-01
1.070000e+01 1.951665e-02 3.327393e-01 4.205556e-01 2.616630e-02
